rmse: 0.1402043323631198 note: Combined model Lasso + XGB
rmse: 0.14907652114324835 note: Combined model Lasso + XGB
rmse: 0.15781387106906108 note: Combined model Lasso + XGB
