rmse: 0.1402043323631198 note: Done Grid Search for XGBoost
rmse: 0.14907652114324835 note: Done Grid Search for XGBoost
rmse: 0.15781387106906108 note: Done Grid Search for XGBoost
